5250
0800EA
7167
7086
5198
7131
0218
0122
1481
5281
7191
7146
0181
6599
5139
5185
7145
0258
0309
0299
7315
7078
0209
5238
2658
7609
5115
5116
2674
0079
2488
1163
0303
03051
5269
5127
5293
5307
5120


03011
1015
7031
6351
7083
0048
4758
0226
6556
5082
5568
5088
7090
5015
6432
0119
7214
7181
7007
7218
0038
0068
7722
7129
0105
4057
7020
7162
7054
03032
6399
0072
8176
7048
5130
5302
5025
03037
0276


5182
8885
5204
7579
6888
5106
7120
2305
5021
7005
03012
0098
5258
7251
1899
6602
0187
5190
3239
3395
5196
4219
5248
9814
7668
0263
6173
5932
0195
7195
6998
5032
0179
5069
0168
9288
7036
8133
6297


5100
9938
0011
4162
7221
7188
5210
1818
03042
0313
2828
7174
0191
2852
7128
5105
5311
5099
5180
0163
5257
03016
2836
03048
0173
7076
03053
7035
03024
0238
6947
0243
5195
8052
8982
7209
5273
7187
1929


5007
5188
5797
7016
1023
7245
5104
7117
7154
03001
0277
7018
7986
0246
5071
2127
5037
8044
8435
0240
0261
5738
5049
5317
6718
8591
0291
5094
5301
0051
9423
5166
7157
5184
7204
4456
0400GB
5276
8338


5216
5141
0281
0283
5132
7212
5165
0152
7277
0029
0131
7528
5908
7114
5265
7169
0205
7198
1619
0269
03055
7233
7148
3948
3026
5318
03046
5259
0154
3417
0267
2143
8206
5283
0059
3557
0239
0227
5253


0255
5036
0278
7471
0107
0064
8907
5208
8877
9016
5228
0090
9091
6076
03025
7149
5056
8613
7217
7773
4847
0821EA
0827EA
0824EA
0825EA
03021
0100
5081
6815
7208
7094
0174
5101
0286
0190
5205
7249
0065
2984


7047
5029
6041
5306
0304
0084
7229
2755
8605
5322
5222
6939
0149
03026
3107
0150
9318
0231
7210
0116
5197
0157
9172
5277
3689
0128
9377
0820EA
7676
7184
5226
9261
0206
5398
5209
0198
0078
0104
3182


4715
2291
3204
7197
0039
0021
7192
1147
5220
7022
5020
0284
0311
03028
7382
5649
2135
03029
5592
0208
9148
0074
0082
0136
9962
5102
3247
1503
0237
7253
3034
5138
2062
7501
5008
5168
0060
5187
7105


0296
3255
5028
5121
4324
5095
0035
5151
7803
0161
7202
5136
3298
0175
0160
5072
5199
8443
0188
5169
9601
5160
5819
5274
1082
3301
0041
5291
0228
0185
5062
7013
5000
5024
8478
4251
5084
5108
5255


9113
03038
03030
9687
0023
5606
5299
5227
5225
0401GA
3336
5614
7222
0166
2607
9393
0253
0265
7240
5178
5295
0147
6262
3379
0192
1961
5249
5107
7183
8834
0010
1589
5309
5175
7223
0024
4723
8648
0292


4383
7152
0058
5161
5673
0146
0127
8923
03040
6769
7096
3441
5323
5192
8672
0170
5247
0054
7216
0307
3476
7199
0151
7323
6483
0835EA
0834EA
7161
7077
9334
0036
0143
5321
0282
6203
7062
6211
5371
0210


5027
0180
5171
0193
5280
0293
9466
5235SS
5235SS
2453
7164
5035
6971
7017
0111
7153
0002
5878
9121
1996
0176
5038
0308
2445
6874
2186
0315
6491
7033
9083
5310
5843
8362
0268
7179
0018
3174
1643
9385


9326
8494
5789
9881
9628
8079
0266
5232
6633
7170
0249
3573
7089
03047
4235
8486
0182
5284
8303
8621
7085
5068
5143
0075
9199
7082
0103
1198
0095
7243
7617
7087
3859
8583
8141
5264
1155
3794
3662


3891
5014
5186
5916
5098
0155
3867
1651
4936
6181
0156
03015
1058
3514
5078
0295
7029
0189
5236
03019
4022
6012
7123
5077
7099
5983
1171
7004
0167
03022
5090
4502
3069
5129
3778
1694
5223
8192
0285


5040
7234
5011
0207
2097
03005
6149
0043
7595
5026
5286
0126
5001
0112
7935
7219
5576
0288
3816
9571
8893
6114
5319
0085
0034
03027
0159
0113
0245
6459
0229
5237
7943
0070
5296
5202
5316
0213
0092


5152
3883
5085
5703
3913
3905
9539
0138
5087
0280
5275
7692
0108
5073
0270
0056
2038
0235
4707
0020
7060
0096
7241
7215
7139
0083
0026
03006
0201
03045
5047
5066
4944
5533
0312
0220
0049
0172
7071


7140
3018
5298
9008
5079
03041
5260
0040
0275
0222
0252
7107
4006
5827
5065
5053
0053
0153
7225
7095
6009
7052
4081
1287
3719
0290
8419
5125
5022
0242
3611
9407
1724
5657
2682
0022
6912
0177
5212


5041
5231
6068
6254
5271
4464
0233
9997
7160
8346
0186
7108
7080
8532
5436
8311
5219
0171
5133
3042
5183
5681
6033
8117
7081
5622
0006
1902
9598
7163
7055
5075
9695
0289
7172
6637
7088
5080
03031


4634
7237
0217
4065
8869
9873
7168
0822EA
0823EA
0123
7201
5320
0091
5070
0260
7010
1295
8273
0007
6807
7134
0196
7084
7544
0202
5313
7498
0236
5272
7765
03052
9296
5256
03002
5270
03036
0032
0081
7130


0219
7232
0200
9946
0106
0037
9954
1066
5278
7006
5113
2542
9741
03039
8745
8664
03056
8567
0183
9822
0223
5147
03057
0133
5218
7811
4596
5170
9237
5126
5135
5252
5157
5207
0300
0109
7239
0158
7247


0099
4731
8125
7045
0028
5285
0212
7073
4286
5145
0203
0178
7053
03009
9792
2224
5308
5305
9431
5213
5123
5163
7180
0055
0251
5517
7412
5173
6017
0241
7246
0129
4197
5288
4316
5172
0305
9776
7115


7155
5315
03008
7248
0306
03023
7132
0117
0169
03054
0259
0215
5242
0093
4375
5134
0225
0045
5665
1562
0216
7103
0287
6084
03049
0080
6904
7207
2569
03050
3743
0262
5211
5263
5176
0148
0001
03033
7235
7106
03018
6521
5303
7186
6139
9717
1538
0279
0050
7228
5012
7097
7211
2259
8524
5191
4405
2429
5149
5140
0211
0221
2054
8966
5289
2739
0132
7439
7200
0230
4863
5347
9369
7252
0089
8702
0145
5112
9075
7034
0012
7889
7374
7854
5031
8397
5239
0101
7230
7285
5010
7113
0302
03013
03058
5111
7173
7176
0836EA
0837EA
0829EA
0829EB
0828EA
5054
0199
0118
5401
0297
9059
5042
0272
5297
5230
5167
4359
7079
7100
03043
0005
1368
5148
0256
7137
7227
03017
7091
0257
5005
2593
2089
7133
0247
5200
5110
7757
0310
5292
7250
6963
5006
5243
7165
4995
0273
0069
0120
0097
7070
0232
0838EA
0066
5162
0102
7203
5016
5142
7226
3565
9679
0197
5325
7231
0271
0298
5246
5009
0162
0008
6378
7050
7025
4243
5156
5267
7043
7121
0165
0140
0017
7003
7178
5048
0025
5300
0248
0086
7293
7014
3158
7066
5159
4677
5109
6742
0250
0301
7028
2283
0094
5131